14.1347251417346938
21.022039638771555
25.0108575801456888
30.4248761258595132
32.9350615877391897
37.5861781588256713
40.9187190121474952
43.3270732809149995
48.0051508811671597
49.7738324776723022
52.9703214777144606
56.4462476970633948
59.3470440026023531
60.8317785246098098
65.1125440480816067
67.0798105294941737
69.5464017111739793
72.0671576744819076
75.7046906990839332
77.1448400688748054
79.3373750202493679
82.9103808540860302
84.7354929805170501
87.4252746131252294
88.8091112076344654
92.4918992705584843
94.651344040519887
95.8706342282453098
98.8311942181936922
101.317851005731391
103.725538040478339
105.446623052326094
107.168611184276408
111.029535543169675
111.874659176992637
114.320220915452713
116.226680320857554
118.790782865976217
121.370125002420646
122.946829293552588
124.256818554345767
127.516683879596495
129.578704199956051
131.087688530932657
133.497737202997586
134.756509753373871
138.116042054533443
139.736208952121389
141.123707404021124
143.111845807620633
146.000982486765519
147.422765342559602
150.05352042078488
150.925257612241467
153.024693811198896
156.112909294237868
157.59759181759406
158.849988171420499
161.188964137596028
163.030709687181987
165.537069187900419
167.184439978174513
169.094515415568821
169.911976479411699
173.411536519591553
174.754191523365726
176.441434297710419
178.377407776099977
179.916484020256996
182.207078484366462
184.874467848387509
185.598783677707471
187.228922583501852
189.416158656016937
192.026656360713787
193.079726603845704
195.265396679529235
196.876481840958317
198.015309676251912
201.264751943703789
202.493594514140534
204.189671803104554
205.394697202163286
207.90625888780621
209.57650971685626
211.690862595365308
213.347919359712666
214.547044783491423
216.1695385082637
219.067596349021379
220.714918839314003
221.430705554693339
224.007000254604335
224.983324669582288
227.421444279679291
229.337413305525348
231.250188700499165
231.987235253180249
233.693404178908301
236.524229665816206
237.769820480925204
239.555477573327629
241.049157796216586
242.8232719342226
244.070898497078158
247.136990074897499
248.101990060148459
249.573689644707209
251.014947795016001
253.069986747999477
255.306256454914023
256.380713694434478
258.610439491531368
259.874406989678
260.80508450459687
263.573893904870132
265.55785183887632
266.614973781501072
267.921915082824059
269.970449023997603
271.494055641644999
273.459609188403287
275.587492649343841
276.452049503132939
278.250743529841954
279.229250927745189
282.465114765052096
283.211185733233867
284.835963980904724
286.667445363002884
287.911920501422187
289.579854929218834
291.846291329067396
293.558434139356285
294.965369619265542
295.573254878958292
297.979277061943415
299.840326053721313
301.649325462194184
302.696749589606917
304.864371340857298
305.728912602036809
307.219496128170055
310.109463146701899
311.165141530356003
312.427801180600892
313.985285731158923
315.475616089475734
317.73480594237018
318.853104256316598
321.160134309113578
322.144558672482932
323.466969557512051
324.862866051739613
327.443901261905457
329.033071680480934
329.953239728233866
331.474467582663424
333.645378524869851
334.211354833244383
336.841850428390685
338.339992850806612
339.85821672536354
341.04226111104656
342.054877510363585
344.661702940252337
346.347870566009947
347.272677584420484
349.316260870696144
350.408419349192099
351.87864902535928
353.488900488718807
356.017574977264947
357.151302252039625
357.952685101632274
359.743754953114449
361.28936169580465
363.331330578973835
364.736024114088994
366.212710288331317
367.993575481740303
368.96843809573439
370.050919212106
373.061928372112838
373.86487391090857
375.825912766739334
376.324092230668052
378.43668024996548
379.872975346532347
381.484468617186525
383.443529449536488
384.956116814863687
385.861300845974229
387.222890222387981
388.846128354232255
391.456083563638046
392.245083339519097
393.427743844434026
395.582870010993721
396.381854222592187
397.918736209614243
399.9851198761949
401.839228600533217
402.861917763886114
404.236441800208005
405.134387459909927
407.581460386896182
408.947245502351113
410.513869193366639
411.972267804278751
413.262736070185047
415.018809755155116
415.455214996294599
418.387705789534779
419.861364818152324
420.643827625041786
422.07671005882676
423.716579627481819
425.069882494461348
427.208825084074581
428.127914076616682
430.328745430938637
431.301306930703592
432.138641734588568
433.889218480927225
436.161006432646984
437.581698167668581
438.621738656272196
439.918442214370656
441.683199201189024
442.904546302609449
444.319336277559156
446.860622696429523
447.44170419449329
449.148545685023305
450.126945780313524
451.403308445388795
453.986737806677916
454.974683768616789
456.328426689246051
457.903893064102972
459.513415281106012
460.087944422175841
462.065367274882531
464.057286910548285
465.671539211371095
466.570286930826255
467.439046210261639
469.536004559112032
470.773655478101648
472.799174661908817
473.835232345139687
475.600339369375786
476.769015237484521
478.075263766670969
478.942181534634827
481.830339376286561
482.834782790982397
483.851427212482538
485.539148129356007
486.528718261651244
488.380567090017449
489.661761577956132
491.398821593663007
493.314441581785301
493.957997805369465
495.358828822131277
496.429696215759103
498.580782429686542
500.309084941690496
501.604446965145478
502.276270327118233
504.499773313427737
505.415231742244442
506.464152709523531
508.800700336467821
510.264227943672834
511.562289700374595
512.623144531407419
513.668985555473683
515.435057167299377
517.589668572467425
518.234223147550144
520.106310411723256
521.525193449492041
522.45669617773021
523.96053089201584
525.077385687279622
527.903641601272345
528.406213852292659
529.806226318706901
530.86691788396109
532.688183028293731
533.779630753768733
535.664314075873225
537.069759083122328
538.428526176247963
540.213166376228133
540.631390247295117
541.847437121201282
544.323890101005263
545.636833248934818
547.010912058122292
547.931613364489338
549.497567562661378
550.970010039483889
552.049572200564893
553.764972119158815
555.792020561682508
556.899476406855351
557.564659172058528
559.316237028682164
560.240807497295668
562.559207616045851
564.160879110786118
564.506055938149835
566.698787682807956
567.731757901176937
568.923955179629368
570.051114782463592
572.419984132452764
573.61461052675813
575.093886014494886
575.807247140928781
577.039003472098211
579.098834672036607
580.136959362384629
581.946576265901626
583.236088219167278
584.561705903465528
585.984563204988301
586.742771891250156
588.139663266247956
590.660397516765276
591.725858065048057
592.57135830022557
593.974714682231029
595.728153697388949
596.362768328393684
598.493077346164754
599.545640364364854
601.602136735932636
602.579167886387354
603.625618903579161
604.616218493753233
606.383460422109041
608.413217311187325
609.389575154720081
610.839162937739407
611.774209620887205
613.599778675637119
614.646237872232622
615.538563369407028
618.112831366442373
619.184482597953634
620.272893672227522
621.709294527948623
622.375002739779009
624.269900018177881
626.019283427654382
627.268396850783021
628.325862359460362
630.473887438292046
630.805780927197533
632.225141167115952
633.546858252251777
635.523800310605454
637.397193159837307
637.925513980822581
638.92793826685677
640.694794668825668
641.945499665705295
643.278883781397889
644.990578229748003
646.348191595501592
647.761753004288884
648.786400888782441
650.197519345256459
650.668683891395983
653.649571605394692
654.301920586319342
655.709463022355636
656.964084599460617
658.1756144186054
659.663845972964108
660.71673259527927
662.296586431100411
664.244604652273013
665.342763095599041
666.515147704172961
667.14849489455543
668.975848820235131
670.323585205862584
672.458183584169734
673.043578286147646
674.355897810123168
676.139674363626748
677.230180668763973
677.800444746221335
679.742197882528218
681.894991533151889
682.602735019750545
684.013549813869505
684.972629862098453
686.16322358772795
687.961543184703648
689.368941362272368
690.474735032350398
692.451684415520849
693.176970060601825
694.53390869987314
695.72633592092673
696.626069900345615
699.132095476013507
700.296739132143495
701.301742954646156
702.2273431457605
704.033839295525309
705.125813954619228
706.184654799517919
708.2690708851099
709.229588570284301
711.130274179685432
711.900289914375312
712.74938347010129
714.082771820669393
716.11239645405211
717.482569703100191
718.742786545485894
719.697100988365665
721.351162218536417
722.277504975674237
723.845821045128416
724.56261389037908
727.056403230049382
728.40548158893406
728.758749795614269
730.416482122756435
731.417354918598525
732.818052714499849
734.789643252377994
735.765459208578321
737.052928912265308
738.580421171373823
739.909523674041944
740.573807447295011
741.757335572941673
743.895013142473659
745.344989550611874
746.49930589943233
747.674563624269528
748.242754465084548
750.6559503621243
750.966381066650837
752.887621567202375
754.322370471712673
755.83930897603783
756.768248439950931
758.101729246412583
758.900238224892375
760.282366983512065
762.700033249691055
763.593066172837223
764.307522724180222
766.087540099836205
767.218472155539514
768.281461806509231
769.693407252624424
771.070839313678316
772.961617565757024
774.117744627940507
775.047847096580508
775.999711963171442
777.299748529592565
779.157076949189004
780.348925004181671
782.137664390812095
782.59794394607354
784.288822612465501
785.739089700715052
786.461147450506277
787.468463815910038
790.059092364119564
790.831620467921035
792.427707608604527
792.888652562622588
794.483791869893164
795.606596156162413
797.263470038035585
798.707570166296211
799.654336210897633
801.604246462982056
802.54198487841815
803.243096204270194
804.762239112661764
805.861635667094803
808.151814935993747
809.19778336330071
810.0818048864071
811.18435884650626
812.771108389109343
814.045913607510994
814.870539625872568
816.727737714394716
818.380668866361677
819.204642170823863
820.721898443869287
821.713454133379402
822.197757493404277
824.526293871629748
826.039287376574384
826.905810954080772
828.3401743004899
829.437010968309334
830.895884053317401
831.799777659070583
833.0036409091542
834.651915147825576
836.693576187591867
837.347335059531515
838.249021992732146
839.465394810282476
841.036389829013424
842.041354206526371
844.166196607350769
844.805993975763727
846.194769927693998
847.971717639512007
848.489281180943524
849.862274348697826
850.645448466004092
853.163112583389155
854.095511719869059
855.286710244404936
856.484117490791663
857.310740602603826
858.904026466475694
860.410670896014671
861.171098212715338
863.189719771908934
864.340823930069541
865.594664326515965
866.423739904042641
867.693122611785006
868.670494229131597
870.846902325754016
872.188750821613208
873.098978971281981
873.90838923533753
875.985285108780322
876.600825833027442
877.654698341033475
879.380951969790982
880.83464884793939
882.386696627196461
883.430331838701646
884.198743114594727
885.272304479617127
886.852801962916298
888.475566673817195
889.735294294090737
890.813132112528064
892.386433260155869
893.119117567294258
894.886292320868716
895.397919674782965
896.63225155620272
899.221522668383419
899.858884607937483
900.849739860521396
902.243207586752288
903.099674442630455
904.702902722281321
905.829940758222209
907.656729468967525
908.333543645060925
910.186334057179843
911.234951485955504
912.331045600035587
912.823999246743395
914.730096958375613
916.355000808642766
917.825377570426783
918.83653524352903
919.448344439682305
921.156395507154853
922.50062930663677
923.285719802422243
924.773483933476664
926.551552784603029
927.850858985753594
928.663659328934892
929.874092850647755
931.009211336628073
931.85274074552008
934.385306837258465
934.99542486384646
936.228649379282927
937.532925711970381
939.024300899218382
939.660940614528166
941.156999642042373
942.052341643375498
944.188035809572745
945.333562503045946
946.765842204727851
947.079183096254878
948.346646255044967
950.151612684643841
951.03324873382351
952.727988619850626
954.129719269551415
954.829308938216637
956.675479343289796
957.510052596423722
958.414593390136181
959.459168807068113
961.669572474192753
963.182086671311447
963.567040191612271
965.055579623751116
966.110754818410204
967.371153766262854
968.636301906087326
970.125610556941175
971.071491486385728
973.185361294301194
973.873078992653597
974.77463506583743
976.178502420589609
976.917202117050622
978.766671535112974
980.578000639774418
981.288615301758969
982.396485168778978
983.575076006431329
985.186928655773436
986.130515110184527
986.756008407656036
988.992622370657407
990.223917804027972
991.374294147761505
992.728696336732659
993.214580957442954
994.404590571094492
996.205336164298286
997.511934751939229
998.827547136929633
999.79157155741294
1001.34948263778274
1002.40430548839171
1003.26780817945325
1004.67504412117289
1005.54342030437836
1008.00670430706365
1008.79570990074228
1009.80659074696463
1010.56975701106108
1012.4100425157616
1013.05863809840899
1014.6896326223704
1016.06017894264738
1017.26640236435541
1018.60557251862015
1019.91243974394404
1020.91747501726368
1021.54434449990465
1022.88527091171635
1025.2657241977277
1025.70794437146289
1027.46769351558777
1028.12896425549752
1029.22729744396137
1030.89736879059652
1031.83318029740776
1032.81288303515885
1034.61291552952081
1036.19591735805474
1037.02470764628175
1038.08775224061884
1039.07740143689669
1040.26403793769576
1041.62152801454227
1043.62395434962149
1044.51497582907877
1045.10704235297791
1047.08981748429478
1047.98714748960047
1048.95378519468596
1049.99628425659322
1051.5765718432052
1053.24578515838576
1054.78103947828135
1055.00214647568574
1056.68884736382823
1057.10004365961778
1059.13376910689715
1060.13951856160782
1061.50130446506842
1062.91538150788056
1064.07155107171854
1065.12185510629306
1066.46322346924298
1067.41886012096456
1067.99000007904263
1070.53504199682926
1071.61862321508954
1072.54399801112156
1073.57035316509373
1074.747771044311
1076.26662559417741
1076.92405606575445
1078.64719848095636
1079.80996542925907
1081.1710023434678
1082.95274972306967
1083.29546651408561
1084.18326431043022
1085.64783120863934
1086.91199898982509
1088.7557246748088
1089.79533792407477
1090.86319102624886
1091.72847296693683
1093.44087327236863
1094.28445752375416
1095.43308475866148
1096.40191779474253
1098.84101546664986
1099.3606671785718
1100.57446062246256
1101.83911116875601
1102.55177989991772
1103.73229717454694
1105.61718883076207
1106.77437167583278
1107.77453195501014
1109.15891885676645
1110.44414299361321
1111.4435047648999
1112.43299540807644
1113.39759511480199
1115.06535946156661
1116.78725388121452
1117.96591966919967
1118.68413486101839
1119.47324742617898
1121.15593767581057
1122.45862135688051
1123.1011173878092
1125.31472939784647
1125.76344242925256
1127.65802352721572
1128.43022461389271
1129.72899677706556
1130.39159789623167
1131.49508556191704
1133.70862566945624
1134.8856545915332
1135.56221397547755
1136.92929348096953
1138.15158977980554
1138.99234182049364
1140.72184817190336
1141.26102296413676
1142.85865960785648
1144.78229951862534
1145.48532751711711
1146.57681492486695
1147.50177652331932
1148.61527720883402
1149.9826010281071
1151.56281472367322
1152.9431285305898
1153.89030371627127
1154.69751953538238
1156.62156783387254
1157.43231457561091
1158.00160902729497
1159.4806570190223
1161.39664463437809
1162.48752860200543
1163.70103168277862
1164.73758635122761
1165.27122770645769
1166.94361340952871
1168.08627161013879
1169.69835688488491
1170.46363857828367
1172.1206818656956
1173.30568776404836
1174.2327668564563
1175.21545239595078
1176.63287580978846
1177.10630442165615
1179.7012235019339
1180.65354378708439
1181.26731815168002
1182.58227034692039
1183.71277529597432
1185.15584284746579
1185.87535869535662
1187.34516149326731
1188.85644429822931
1189.96363649791844
1191.48260592641347
1192.21861147810155
1193.32402142745508
1193.85742713543699
1196.03467174867106
1197.07178665882197
1198.68656910463057
1199.35651370789397
1200.53269203121991
1201.81033485660605
1203.13735086142548
1203.855247594097
1204.98549217146641
1206.87049979385307
1208.47145994953103
1208.98948416793903
1209.89803008754596
1211.41611589279812
1212.11315306631979
1213.59837268036822
1215.38997506504563
1216.18372203346742
1217.17448249773892
1219.05002817740616
1219.61447131085848
1220.81634769097813
1221.69224248314373
1222.95248409510836
1225.01833002416854
1225.85502076079572
1227.23182764149093
1227.91714161440004
1228.79315436298117
1230.58460315424928
1231.5622738776454
1232.5295870405979
1234.27781665343179
1235.502548526521
1236.399017465779
1237.97729851358115
1238.45723279566181
1239.49080714679575
1240.81347178521627
1243.07807639802112
1243.53814652611426
1244.85143396698386
1245.65586618814782
1247.37256196985564
1248.0630610532082
1249.15988795300298
1250.67239727567812
1251.65983200427122
1253.6735778521071
1254.43132842177345
1255.40823064529073
1256.18121419846087
1257.54121941264411
1258.77923348859505
1260.34454831618552
1261.61171716147984
1262.55661400035622
1263.67673284386179
1264.95722300699979
1266.17903776056206
1267.20034561184549
1267.57057177944022
1270.1189218864926
1271.13429963160999
1272.0839595993329
1273.26114463345575
1274.19622088948036
1275.09203031584046
1276.84217155556979
1277.76309198634682
1279.33284331670825
1280.15579440902293
1281.82872695969993
1283.00049138669968
1283.33503213887928
1284.85479515462166
1285.69502333113859
1287.41002661707532
1289.16535153277306
1290.10477151980734
1290.4177080730425
1291.9458709680832
1293.49398155741745
1294.11847437784835
1295.36536350535825
1296.80111099234729
1298.25652706788953
1299.40517125074398
1300.49001898244764
1301.49551668057506
1302.34674237924692
1303.27320022879414
1305.40167218800438
1306.50839331296884
1307.26724210780243
1308.98819651764339
1309.42153249325597
1311.0565705111119
1311.96694060804935
1313.03159936901966
1314.05256565172617
1316.21211260285405
1317.07298603482996
1318.17127913216505
1318.94788059656634
1319.93108287753647
1321.62813855191242
1322.25806712339116
1324.22497871884433
1325.23762435898234
1325.98196963044628
1327.63528110845745
1329.0435179965186
1329.20501878548363
1330.42993712045926
1331.82759138528522
1333.67352261028493
1334.74732905168978
1335.69497452600207
1336.69018465338587
1337.68879180966995
1338.92316459867035
1340.42640045730018
1341.16627225292639
1342.60850788377686
1344.15604400359579
1345.47710626139871
1345.73141325541841
1347.51947175089991
1348.01723801873641
1349.08519401404766
1351.29620637409672
1352.21046515917554
1353.48333835826458
1353.88678197169623
1355.68059532063649
1356.60565570980795
1357.77174282857946
1358.46016039915903
1360.39314476219115
1361.39307471363968
1363.02232860328076
1363.87919079713447
1364.57658489675397
1365.49373355129525
1367.10409097000823
1368.33019330798589
1369.68694907734292
1370.97352276778364
1371.68655355282739
1373.20291456237338
1374.15479865864065
1375.3023923447489
1376.16177999361935
1377.17763364210463
1379.68328302861293
1380.1485784416924
1381.07397714920563
1382.34566297847368
1383.29759100794647
1384.44441584776008
1385.66377701119269
1387.32664766348953
1387.9214541271128
1389.56583179839394
1390.70549028642767
1391.85320044326976
1392.64402778854865
1393.43340174079367
1394.88418467568035
1396.5441631236825
1397.83462332138722
1398.83767520138587
1399.83947294120648
1400.4269462973943
1402.56434725006599
1402.97374764091921
1404.00629217052276
1405.66697505924688
1407.08514277643649
1408.13630749618955
1409.32068107983896
1410.02481072580223
1411.25705681570662
1411.965653461773
1413.84314878856885
1415.58578479549535
1415.78158130328291
1417.10282293382261
1418.69696385245217
1419.42248094599569
1420.41652632375114
1421.85056718704865
1422.46131098750737
1424.46304566957902
1425.87346924499659
1426.64597968212004
1427.36567110942668
1428.59230587597877
1429.65047727619155
1431.21831367275166
1432.0497408933136
1433.82194073706516
1434.58494216826012
1435.69290738341928
1437.22672162380125
1438.0062848417224
1438.9495527468828
1439.62279307816398
1441.96098750486184
1442.91105958089686
1444.04193070636656
1445.07227845920105
1445.83008477971002
1447.22622709997579
1448.32385351572545
1449.48877128073126
1450.77356185829733
1451.83529799939338
1453.73759675710223
1454.22601126022628
1455.31209123981967
1456.16779760838726
1457.53900166841123
1458.39377736868725
1460.6882705354191
1461.24544334515996
1462.26612326578726
1463.28689119042754
1464.69690329787641
1465.88955761408527
1466.50562110788772
1467.70398958607101
1469.34764987826965
1470.96658912716497
1471.38876452710659
1473.02013232418571
1473.74564918574653
1474.20322156569888
1476.09212703824092
1477.43519114750012
1478.44139597341295
1479.75991870649008
1480.76687901798226
1481.96468420980231
1483.03295995807148
1484.14358088175541
1484.81788323120373
1486.17134902755714
1488.11633797622827
1489.25246694643012
1489.97089220467889
1490.67069381460327
1492.18009054401641
1493.33083542127022
1494.1553686136888
1495.76883297894173
1497.06550557171006
1497.74736093312116
1499.64082474661982
1500.35195151660316
1501.11932492213159
1502.34606329239906
1503.09093312668049
1505.26152965467191
1506.15298613811318
1507.40750516383032
1508.25303102954228
1509.28041936322324
1510.39179744647354
1511.92300545900211
1512.58976470545813
1513.58976553991868
1515.70834358687393
1516.43598971875846
1517.71980625413019
1518.41479148725369
1519.74100949390682
1520.27362222035615
1521.90190906546091
1523.48604714925888
1524.72489216062219
1525.2278372337918
1526.55231191038746
1528.04093042929757
1529.03445672870131
1529.36997536519452
1531.02074297022232
1532.22232693939207
1533.88697791320159
1535.04227747120666
1535.7695023952482
1536.62070182402987
1537.65106216794492
1539.30285485558323
1540.03027013950637
1541.742248762789
1542.49652292276628
1544.11867005452029
1544.83460822751948
1546.0911977863133
1547.2975811214069
1547.80656380185757
1548.87134817872537
1551.27384532640453
1552.00687283767007
1552.73610532980386
1554.15651910965778
1554.92128516499187
1556.16298749755275
1557.39450701769049
1558.33915285235196
1559.78115439071024
1560.87647577780945
1562.41015318019444
1563.38540095849554
1564.17794046043167
1564.91578826226014
1566.26641560155152
1567.62345071721811
1569.02247780437407
1570.50927786692084
1571.04538148553819
1571.84535208804534
1573.8065633302714
1574.23091542986378
1575.63815495201655
1576.16135236342438
1578.11882694578279
1579.51405506774068
1580.37208162547155
1581.36355177300182
1582.32948694414718
1583.39469343542175
1584.23484806637621
1586.29321075033778
1587.00434210704115
1588.16340402890479
1589.35794594955773
1590.8359043213941
1591.29388437357236
1592.63716703923492
1593.58480818886193
1594.44268965569052
1596.48449240965468
1597.71589594442313
1598.42079854967045
1599.61934895046281
1600.04804490340731
1601.9119462285822
1602.8154047937266
1603.65520299612408
1605.52164664662335
1606.29341812657422
1607.55690521198288
1608.83629530501002
1610.00326419003794
1610.25382316257449
1611.43714126955478
1613.07885545102742
1614.71062785216149
1615.57460871897201
1616.39839484158364
1617.73468484098521
1618.53751783197755
1619.95250126112885
1620.77431082138856
1622.09875169802296
1622.97776769947558
1625.02185665796279
1625.98702016362117
1626.39991931163555
1627.75544127631574
1628.71531685676323
1629.65866895494776
1631.19481455151575
1632.79818357070882
1633.51251688973726
1634.51682266206708
1635.7183663262138
1637.08919017337095
1637.99464358601275
1638.59965830421388
1639.8212357298302
1641.89981900850458
1642.48977982237807
1644.15206595973768
1644.71374577466788
1645.57376036276608
1646.62486659317889
1648.2705982225317
1649.11853540924012
1650.41698898304838
1651.73269334139598
1652.67106589960121
1654.20589675937117
1654.72665239332179
1655.82277567677177
1657.11423639976308
1657.56710117932144
1660.01998033799895
1660.86005683330081
1661.83689288409669
1662.37720254928008
1664.05726541811003
1664.96800448636508
1665.87764041448621
1667.24112505171128
1668.36822932740186
1669.66972845239921
1671.04718243330318
1671.98425933372627
1672.96337083078106
1673.68744533390525
1674.64846209700975
1676.36248632395048
1677.6912271415265
1678.63036809106365
1680.07794671680949
1680.50477011284705
1681.81232017426601
1683.27328926066677
1684.17165683706429
1684.55886325253724
1686.4211219478382
1688.08014269317659
1688.93386850978462
1689.70315425617979
1691.05155991689308
1691.51519289203515
1693.05302093019715
1694.01756465260786
1695.83255447418727
1696.65499743978566
1697.34251428656401
1699.22954718764302
1699.96681726686386
1700.82030324500624
1701.82555099704742
1702.92324976449052
1704.29141242667976
1706.25603243156038
1706.61566503502601
1707.91231249332451
1708.51211617840309
1709.78084229858048
1711.13760325859284
1712.15539765432237
1713.05534172751311
1714.71714525549453
1715.82528303982057
1716.7699837173949
1717.97448506615853
1718.95415249858375
1719.72446932183104
1720.49807094758653
1722.84466173991565
1723.53282263125987
1724.73395873765822
1725.63862801997383
1726.6057007398854
1728.16650676096543
1728.64448648037199
1730.02387254477914
1731.01419376185718
1732.43016985925684
1733.84082502143001
1735.1754660211011
1735.62471534287063
1736.30566273323799
1737.89388478692855
1738.78323758881605
1740.16911568014055
1741.77916780872726
1742.46768072078201
1743.42643685872163
1744.72151193769979
1746.09749859563269
1746.59545662712821
1747.78169552775242
1748.56398738108022
1750.8228184898391
1751.61779494625111
1752.51151114066594
1753.66135524313954
1754.76336987425288
1755.16969406814269
1757.04651846072311
1757.98407703281818
1759.24008564668189
1760.21516624276232
1761.85489993872807
1762.49768887066062
1763.71912149628705
1764.59147684909196
1765.40049399178384
1766.67624359947787
1768.29597113634138
1769.94095205163584
1770.24367731219735
1771.21294498354653
1772.32800036359136
1773.89491551070346
1774.66043099002359
1775.34198757374729
1777.25586022405799
1778.0417347622493
1779.55227080917896
1780.66522849299866
1781.35563772281956
1782.43906732002018
1783.08482951994648
1784.60794639661266
1786.34220117934253
1787.04927308681627
1788.21512347963282
1789.24217996368472
1790.44956236978354
1791.25440981879545
1792.61610273519818
1793.52539065240951
1794.17848200725559
1796.46514053743081
1797.37633567113677
1798.14706745807575
1799.2316472097374
1800.02472401973915
1801.30963694528799
1802.30128349145057
1803.79684381336596
1804.90416097481202
1806.28966701949778
1806.57839175096393
1808.71443186547489
1809.11927378828733
1810.1088929879858
1810.87371915885472
1812.42007700210552
1814.02414034761551
1814.97308236349585
1816.33861121967464
1816.75802336535085
1817.71060856334247
1819.26033409948825
1820.18788218681122
1821.30570836520391
1822.42767144030259
1823.76626589577329
1825.21367689301338
1825.91568361492841
1826.79545527149266
1828.21127049997314
1828.62109175803114
1829.8325297099397
1831.93637990181521
1832.98494024373155
1833.27323903273032
1834.7215597486085
1835.88375443769255
1836.82767251595749
1838.08694330564455
1838.64028870765074
1840.19556347335736
1841.47858257064339
1842.87595527866722
1843.77105774306912
1844.75904365009589
1845.41753414642453
1846.35325342051642
1848.33098062238373
1848.72276091089087
1850.60118404765146
1851.40036199458978
1852.34220473338628
1853.5193429209895
1854.85563211598673
1855.59293493705547
1856.38917915352385
1857.49807481488019
1859.49527156879446
1860.54138810933681
1861.37967154723285
1862.12146492894421
1863.42546484509649
1864.35398133574625
1865.36743379405789
1866.83654701860819
1868.08519099860922
1868.70674568440812
1870.42147176831079
1871.41604309840715
1872.44156642819272
1872.86566763796768
1874.50836141266014
1874.91377401003954
1877.09506416733977
1878.02225148275347
1879.15330309046133
1880.08232541899438
1880.61176647965687
1882.32197479738468
1883.40872426951837
1884.00577834966714
1885.19807513025812
1887.05389480689012
1887.80884141683213
1888.93818263657945
1890.34812861424455
1890.61212858793326
1891.67851053972879
1892.86770133579112
1894.55853757242969
1895.69715565358456
1896.5854943471689
1897.51369285971197
1898.82937281867948
1900.006144829144
1900.57188427241483
1901.89130575060007
1902.80505920668006
1904.08932532335174
1906.10275619818196
1906.59767800376622
1907.33278012390993
1908.43306304505175
1909.46593002598238
1910.7336596158916
1911.70469094317216
1913.18248977588308
1914.35230005167405
1915.05462933334722
1916.60637183951935
1917.34470404156635
1918.78649890985679
1919.20777839780524
1919.9374573712172
1922.1016256219937
1923.28083793641744
1924.05583110144085
1925.23198797540653
1926.21158307989408
1926.82009279487158
1928.41751854951945
1929.48756018057649
1930.25838718038733
1931.76006943652461
1932.87575454994692
1934.4164363691519
1934.9079434343657
1935.92484880374569
1936.8730938142789
1937.96863349801996
1939.05002915054413
1940.97732670585994
1941.82286221578023
1942.63356869224615
1943.36794744925275
1945.15379630636796
1945.92271694948333
1946.60994536187741
1947.9170477377036
1949.03003007360655
1950.74320155286316
1951.53669587305491
1952.85012921186575
1953.44855632513577
1954.41858817521412
1955.31580928371839
1956.84816457821551
1958.31440355512036
1958.85188346319481
1960.4188452693818
1961.35927788001438
1962.2335718485798
1963.62118457320207
1964.3573909380956
1965.37782950510386
1966.11765857407453
1968.47160201942044
1969.04761754652783
1970.30500951703376
1970.85554757994594
1971.97031280481139
1973.18266340593868
1974.34720191012009
1975.08061030226699
1977.17394369803988
1977.27144619974651
1978.80144816773153
1980.37177228705134
1980.91004309102423
1981.74876889726348
1982.66327919527651
1983.92380462226066
1985.41654017452674
1986.7571077164152
1987.87347336072432
1988.25187680735577
1989.70200270802162
1990.47835252642699
1992.0017063935279
1992.78498787515757
1993.57749313825998
1995.16873961188854
1996.79617696618821
1997.39091405961145
1998.27900692598482
1999.54576417626759
2000.43451530243225
2000.92962068918456
2002.89640837436174
2004.13966923327013
2005.07784812409876
2005.90093488578571
2007.12518017030113
2008.41824033026227
2009.17663412294959
2010.15332476755933
2011.02070507365006
2012.53893547742175
2013.87209771399083
2015.18672860870628
2016.02963803237539
2016.80007565584573
2017.38676725196156
2019.2646002160641
2019.88436713975529
2021.19604276889279
2022.54561768468827
2023.57291177710075
2024.48826215795125
2025.87890620248156
2026.7382589121521
2027.57331705599754
2028.58245935403995
2029.38547955096665
2031.75055069061874
2032.42078085628643
2033.01789274566982
2034.55482878895617
2035.07744009630408
2036.52752648337033
2037.21711109434089
2038.84173825086775
2039.44321874010445
2040.83911967313822
2042.34458625060421
2043.21711656332396
2044.1215932916675
2045.03732085981482
2045.80276043156194
2047.09833634560713
2048.45409406616111
2049.84752560571607
2050.90605538468455
2051.71838819625632
2052.40779019240102
2054.05991689848573
2055.18026732616666
2055.57260289904887
2056.62086668989378
2058.45065111890614
2059.44802174377146
2060.86824720810797
2061.36705920203189
2062.57265091997839
2063.28355949838076
2064.30486769963415
2065.83267228191146
2066.98522937798529
2068.34563852737009
2068.66994108281269
2070.50471759344598
2071.3770831697586
2071.99045481476079
2073.39760371576841
2074.17106490215249
2075.02806554483216
2077.11757013687721
2078.15548463921428
2078.9392881148769
2079.56762846189323
2080.91034345756129
2081.79968656357715
2083.30027685882798
2083.7799925501674
2085.38981369228599
2086.58031853438142
2087.47334098785802
2088.71228119873258
2090.03620675701694
2090.44755002741587
2091.22158066113126
2092.47321811007189
2094.33591746863196
2095.13825666029482
2096.34652997925259
2097.37160635719289
2097.95192219988704
2099.31165126506135
2100.59374523686124
2101.13548945910841
2102.5351002152977
2103.39045480871404
2105.3722065917999
2105.99470433928624
2107.17236243244334
2107.61791140751433
2108.93838488901534
2109.96314318126758
2110.82237184813182
2112.90708752319078
2113.4839664484308
2114.39613732588999
2115.50660279468411
2116.90005606839473
2117.72239944136298
2118.61864621702926
2119.45642846893928
2120.69156259184395
2122.46515117492836
2123.3440423034625
2124.37036873756888
2125.51240002915194
2125.95878484037331
2126.97571119255799
2128.75229055426284
2129.40608022832844
2130.55510228323592
2132.08062099294264
2132.79851646788415
2134.15493398503792
2134.95077250431567
2136.08689752470321
2136.96747054847187
2137.50994052591091
2139.38075998520111
2140.94936263909704
2141.71003596038995
2142.35504319603539
2143.37444418053789
2144.89533743136043
2145.50575373418082
2146.62589447551152
2147.78536734563083
2149.15184938288922
2149.91063985810212
2151.77688511646503
2152.39022659691966
2153.01196416538653
2154.26362395232034
2154.93534584822547
2156.39472725568169
2157.85648956535313
2158.8780722910832
2159.90228601717049
2160.85306232818419
2161.69217218920953
2163.10712228573238
2164.04972035635735
2165.0114371743143
2165.50394902337574
2167.69344425474685
2168.89061585185398
2169.26382928336496
2170.78707497301574
2171.39636192649469
2172.25096282751633
2173.52829696931661
2174.74502080347665
2176.20411946621564
2176.93945169897741
2178.00420915476112
2179.23218502974719
2180.49531825927878
2181.25236701068177
2181.72578302981956
2183.33058401727994
2184.10319076068053
2185.96552832068311
2187.08569095937252
2187.7984558778279
2188.55876320308854
2189.49707290260539
2191.09336304574928
2191.77801740050799
2192.82677053986121
2194.2315300504497
2195.23168768125578
2196.71597766675854
2197.2587470402059
2198.68751268436752
2199.30296532096958
2200.35102091326305
2200.91595302555182
2203.27745373064601
2203.90636458377355
2204.99780175483011
2205.85576124554392
2207.17216191495222
2207.80274133673695
2209.15374440026326
2210.20801498925036
2210.85094109929617
2212.3435684000364
2213.70025624843609
2214.9499256320925
2215.82056569064556
2216.29637588764519
2217.46937511622519
2218.5210069133953
2219.79981569836106
2220.85215884891418
2222.63660458809747
2223.05505791881041
2223.77777250721453
2225.56464511716943
2226.33273440557559
2227.24622937659538
2227.97057388225631
2229.1279589101233
2230.89869085621725
2231.97715407407331
2232.92485386896618
2233.72022225031291
2234.8149345313269
2235.54666213560006
2236.77364384509984
2238.15479951929762
2239.16774396023666
2240.0212094704711
2241.5361865237664
2242.62118015937948
2243.373668418962
2244.37070170043034
2245.56528653127134
2246.01655817828563
2247.36443125122939
2249.55019857353709
2249.77076655272396
2251.04664194155317
2251.8453183386934
2252.67843267383886
2254.56224699438955
2254.759079001304
2255.82456557153694
2257.3463846831328
2258.50184729114584
2259.51784205738427
2260.89025941680027
2261.6600644494811
2262.6744306482098
2262.87830538116111
2264.67639970577025
2265.76844611546945
2267.38450106754404
2267.87917533716607
2269.22699826160955
2269.91910321683835
2271.32628246806638
2272.04901570123766
2273.34753405316447
2273.95628914594306
2275.06866477597133
2277.07931775662352
2278.01262839330538
2278.52594215578419
2279.50730584111949
2280.87071985258621
2281.35648361454629
2282.69037513764789
2284.05601145935138
2285.2222423648665
2286.14981414056405
2287.0461586710106
2288.57884944576463
2289.33628471013415
2290.24145821085573
2291.09766361211201
2291.92890125249056
2293.89614510608676
2294.68791841171431
2296.11509118833035
2296.99852247251513
2297.37264757980959
2298.61236336566021
2299.96157762008969
2301.2341257988309
2301.45484035172846
2303.29548198257322
2304.30513867037453
2305.50835678868197
2306.51773307000354
2307.35555337047808
2308.21028463476468
2309.37035823952912
2309.93112238418362
2312.04799644961074
2313.1909141707479
2313.68935996722396
2314.62118211359416
2316.04945471998883
2316.96249450484077
2317.85153186427704
2318.82603533643015
2320.08852320402726
2320.94953162865961
2322.81263260669333
2323.53427424076606
2324.51245523225839
2325.55709649176545
2325.90301592751311
2327.37685581969956
2328.63487510116861
2329.70572340644956
2331.01311028957289
2331.94270780640277
2332.98776543277502
2333.72086337378228
2335.53171257445096
2335.86715380564978
2336.62103678623872
2337.7617301588207
2339.61568389598262
2340.82672670664448
2341.32459618621549
2342.65404165846926
2343.25915895500886
2344.31121623615176
2345.57048363447382
2346.46411952978781
2347.93425464172367
2348.84342363345568
2349.73005425783788
2351.45504692785123
2352.19570150253646
2352.75087007545459
2353.91213585235306
2354.95108123500818
2355.81081397829062
2357.60831592024749
2358.90470519841558
2359.43485907643987
2360.31428508952634
2361.34254164193263
2362.71831792292138
2363.49561765411863
2364.75117608911701
2365.19151506413192
2367.24921984295947
2367.95770182315586
2369.22057776739903
2370.09339028423217
2371.10074792972167
2371.93813779461011
2372.44034726005584
2374.44423071781665
2375.54396703737225
2376.35546351556019
2377.7554079140128
2378.21296167966216
2379.72650294996582
2380.54565721873626
2381.50012371043753
2382.5308305663664
2383.35601391598087
2384.96507164118247
2386.43093710950389
2387.29908412233651
2387.81356855607804
2388.74820763549318
2389.95598811366616
2391.2605498724034
2391.75498233662277
2393.63059329169986
2394.48536785604649
2395.27016999464709
2396.60387876261607
2397.79164376177376
2398.55831138253267
2399.43383290578527
2400.15235652213146
2401.48299837577178
2403.4187984453452
2403.97531514896751
2404.92159348977
2406.25398871828949
2406.73285118210951
2407.71591042226991
2409.44150235241954
2409.88160268287959
2411.12619338077742
2412.22293583728404
2413.97612319498341
2414.3798798012705
2415.57689346599411
2416.53405462770394
2417.27808742177219
2418.22944326735739
2419.50791716307125
2421.14294399332818
2422.15208492510951
2422.99623012348691
2423.50414688871614
2425.12476021255672
2426.1934375416683
2426.90706429375365
2427.64089694859298
2429.18559599025692
2430.2658126359444
2431.61113509625393
2432.72756929925476
2433.70589680470381
2433.91687323768418
2435.34889436469456
2436.19160037509104
2437.79407610782605
2438.67179079404418
2439.92712721867228
2440.82616029063525
2441.92983654999841
2443.03356005818513
2443.77543639619973
2445.15438101522042
2445.7449521011549
2446.39852330611025
2448.98831228603511
2449.23103200929253
2450.50365058010812
2451.18170831008445
2452.28336574121389
2453.25748581208404
2454.30056184178992
2455.48228838352592
2456.51455184128855
2457.90799909021854
2458.54679983712801
2460.01357946550619
2461.2022953745062
2461.73162864804139
2462.46429491385376
2463.56966729501635
2464.92781636122341
2466.18309701319272
2467.64086078377902
2468.18681630111524
2469.33626389249749
2469.78148503152402
2471.53929774199672
2472.33641758948227
2473.10712473464504
2474.23784973439368
2475.53935386100277
2477.02175509610459
2478.01485402480941
2478.39759758312502
2479.97735198087075
2480.43360698509207
2481.35676728035894
2482.683411518716
2484.50323827474464
2485.08759053741987
2485.78562071239275
2487.33383644272602
2488.11383175419305
2489.26115745163712
2490.05109051574679
2491.1055164218207
2491.90747393429284
2493.48929544912322
2494.86617782825522
2495.84684041950164
2496.48533670282327
2497.64846524660193
2497.96997396675226
2499.86204282125507
2500.56438641231745
2501.57774467243354
2503.1852272120868
2504.00893365858364
2504.77215251121203
2506.3053519373077
2507.15188564767559
2507.87103957974336
2508.76604610382662
2509.65299744137942
2511.66018978718668
2512.53822098520254
2513.57951702146485
2514.25985905977368
2515.28648292471288
